Received	time.monotonic	V-In (Channel 1)	V-Out (Channel 1)	V-Shunt (Channel 1)	I-Shunt (Channel 1)	Power-Calculated (Channel 1)	Power (Channel 1)	V-In (Channel 2)	V-Out (Channel 2)	V-Shunt (Channel 2)	I-Shunt (Channel 2)	Power-Calculated (Channel 2)	Power (Channel 2)
2/11/2023 3:28:09 PM	7687.62	5.14233	5.14	0.00233	0.0232	0.119248	0.12	5.11252	5.104	0.00852	0.0842	0.429756	0.429
2/11/2023 3:28:10 PM	7688.73	5.14232	5.14	0.00232	0.0232	0.119248	0.12	5.11227	5.104	0.00827	0.079	0.403216	0.403
2/11/2023 3:28:11 PM	7689.83	5.14233	5.14	0.00233	0.0232	0.119248	0.12	5.11244	5.104	0.00844	0.0848	0.432819	0.433
2/11/2023 3:28:12 PM	7690.94	5.14232	5.14	0.00232	0.0232	0.119248	0.12	5.11233	5.104	0.00833	0.0831	0.424142	0.424
2/11/2023 3:28:13 PM	7692.04	5.14232	5.14	0.00232	0.0232	0.119248	0.12	5.11236	5.104	0.00836	0.0825	0.42108	0.421
2/11/2023 3:28:15 PM	7693.13	5.14232	5.14	0.00232	0.0233	0.119762	0.12	5.11235	5.104	0.00835	0.0842	0.429756	0.429
2/11/2023 3:28:16 PM	7694.24	5.14233	5.14	0.00233	0.0233	0.119762	0.12	5.1124	5.104	0.0084	0.084	0.428736	0.428
2/11/2023 3:28:17 PM	7695.33	5.14633	5.144	0.00233	0.0233	0.119855	0.12	5.11238	5.104	0.00838	0.0843	0.430267	0.431
2/11/2023 3:28:18 PM	7696.44	5.14233	5.14	0.00233	0.0233	0.119762	0.12	5.11232	5.104	0.00832	0.0843	0.430267	0.431
2/11/2023 3:28:19 PM	7697.53	5.14232	5.14	0.00232	0.0233	0.119762	0.12	5.11633	5.108	0.00833	0.0833	0.425496	0.429
2/11/2023 3:28:20 PM	7698.63	5.14633	5.144	0.00233	0.0233	0.119855	0.12	5.11239	5.104	0.00839	0.0837	0.427205	0.428
2/11/2023 3:28:21 PM	7699.74	5.14233	5.14	0.00233	0.0232	0.119248	0.12	5.1164	5.108	0.0084	0.0845	0.431626	0.428
2/11/2023 3:28:22 PM	7700.84	5.14232	5.14	0.00232	0.0233	0.119762	0.12	5.11619	5.108	0.00819	0.0843	0.430604	0.431
2/11/2023 3:28:23 PM	7701.93	5.14633	5.144	0.00233	0.0232	0.119341	0.12	5.10833	5.1	0.00833	0.0833	0.42483	0.426
2/11/2023 3:28:24 PM	7703.04	5.14232	5.14	0.00232	0.0232	0.119248	0.12	5.11197	5.104	0.00797	0.084	0.428736	0.429
2/11/2023 3:28:26 PM	7704.14	5.14232	5.14	0.00232	0.0232	0.119248	0.12	5.11225	5.104	0.00825	0.0836	0.426694	0.428
2/11/2023 3:28:27 PM	7705.25	5.14233	5.14	0.00233	0.0233	0.119762	0.12	5.1164	5.108	0.0084	0.0839	0.428561	0.429
2/11/2023 3:28:28 PM	7706.35	5.14232	5.14	0.00232	0.0233	0.119762	0.12	5.11252	5.104	0.00852	0.0852	0.43486	0.434
2/11/2023 3:28:29 PM	7707.44	5.14632	5.144	0.00232	0.0233	0.119855	0.12	5.11635	5.108	0.00835	0.0839	0.428561	0.428
2/11/2023 3:28:30 PM	7708.55	5.14232	5.14	0.00232	0.0232	0.119248	0.12	5.11241	5.104	0.00841	0.0846	0.431798	0.431
2/11/2023 3:28:31 PM	7709.65	5.14232	5.14	0.00232	0.0232	0.119248	0.12	5.11246	5.104	0.00846	0.085	0.43384	0.434
2/11/2023 3:28:32 PM	7710.75	5.14633	5.144	0.00233	0.0232	0.119341	0.12	5.11633	5.108	0.00833	0.0833	0.425496	0.424
2/11/2023 3:28:33 PM	7711.85	5.14232	5.14	0.00232	0.0232	0.119248	0.12	5.11641	5.108	0.00841	0.084	0.429072	0.429
2/11/2023 3:28:34 PM	7712.95	5.14233	5.14	0.00233	0.0232	0.119248	0.12	5.11236	5.104	0.00836	0.0842	0.429756	0.429
2/11/2023 3:28:35 PM	7714.06	5.14232	5.14	0.00232	0.0232	0.119248	0.12	5.1119	5.104	0.0079	0.079	0.403216	0.428
2/11/2023 3:28:37 PM	7715.16	5.14232	5.14	0.00232	0.0233	0.119762	0.12	5.11255	5.104	0.00855	0.0848	0.432819	0.433
2/11/2023 3:28:38 PM	7716.26	5.14232	5.14	0.00232	0.0233	0.119762	0.12	5.11237	5.104	0.00837	0.0794	0.405257	0.405
2/11/2023 3:28:39 PM	7717.37	5.14232	5.14	0.00232	0.0233	0.119762	0.12	5.11641	5.108	0.00841	0.0846	0.432136	0.433
2/11/2023 3:28:40 PM	7718.46	5.14233	5.14	0.00233	0.0232	0.119248	0.12	5.11593	5.108	0.00793	0.0837	0.427539	0.428
2/11/2023 3:28:41 PM	7719.55	5.14233	5.14	0.00233	0.0232	0.119248	0.12	5.10843	5.1	0.00843	0.0834	0.42534	0.421
2/11/2023 3:28:42 PM	7720.66	5.14232	5.14	0.00232	0.0232	0.119248	0.12	5.11194	5.104	0.00794	0.0826	0.42159	0.421
2/11/2023 3:28:43 PM	7721.76	5.14632	5.144	0.00232	0.0233	0.119855	0.12	5.11244	5.104	0.00844	0.081	0.413424	0.415
2/11/2023 3:28:44 PM	7722.87	5.14633	5.144	0.00233	0.0233	0.119855	0.12	5.11642	5.108	0.00842	0.0842	0.430093	0.429
2/11/2023 3:28:45 PM	7723.96	5.14232	5.14	0.00232	0.0233	0.119762	0.12	5.11245	5.104	0.00845	0.0842	0.429756	0.429
2/11/2023 3:28:46 PM	7725.06	5.14633	5.144	0.00233	0.0233	0.119855	0.12	5.11643	5.108	0.00843	0.0843	0.430604	0.431
2/11/2023 3:28:48 PM	7726.16	5.14633	5.144	0.00233	0.0233	0.119855	0.12	5.1165	5.108	0.0085	0.0842	0.430093	0.429
2/11/2023 3:28:49 PM	7727.26	5.14233	5.14	0.00233	0.0232	0.119248	0.12	5.11245	5.104	0.00845	0.0833	0.425163	0.426
2/11/2023 3:28:50 PM	7728.36	5.14632	5.144	0.00232	0.0232	0.119341	0.12	5.11198	5.104	0.00798	0.0842	0.429756	0.429
2/11/2023 3:28:51 PM	7729.47	5.14232	5.14	0.00232	0.0233	0.119762	0.12	5.11241	5.104	0.00841	0.0841	0.429246	0.429
2/11/2023 3:28:52 PM	7730.56	5.14233	5.14	0.00233	0.0233	0.119762	0.12	5.11639	5.108	0.00839	0.0834	0.426007	0.426
2/11/2023 3:28:53 PM	7731.67	5.14633	5.144	0.00233	0.0232	0.119341	0.12	5.11638	5.108	0.00838	0.0838	0.42805	0.433
2/11/2023 3:28:54 PM	7732.77	5.14232	5.14	0.00232	0.0233	0.119762	0.12	5.11205	5.104	0.00805	0.0804999	0.410872	0.429
2/11/2023 3:28:55 PM	7733.87	5.14233	5.14	0.00233	0.0232	0.119248	0.12	5.11235	5.104	0.00835	0.0835	0.426184	0.428
2/11/2023 3:28:56 PM	7734.97	5.14232	5.14	0.00232	0.0233	0.119762	0.12	5.11238	5.104	0.00838	0.0838	0.427715	0.401
2/11/2023 3:28:57 PM	7736.07	5.14633	5.144	0.00233	0.0233	0.119855	0.12	5.11234	5.104	0.00834	0.0838	0.427715	0.428
2/11/2023 3:28:59 PM	7737.16	5.14632	5.144	0.00232	0.0233	0.119855	0.12	5.10848	5.1	0.00848	0.0848	0.43248	0.431
2/11/2023 3:29:00 PM	7738.27	5.14233	5.14	0.00233	0.0233	0.119762	0.12	5.11238	5.104	0.00838	0.0838	0.427715	0.424
2/11/2023 3:29:01 PM	7739.37	5.14232	5.14	0.00232	0.0233	0.119762	0.12	5.11644	5.108	0.00844	0.0804999	0.411193	0.411
2/11/2023 3:29:02 PM	7740.47	5.14232	5.14	0.00232	0.0233	0.119762	0.12	5.11233	5.104	0.00833	0.0831	0.424142	0.424
2/11/2023 3:29:03 PM	7741.56	5.14233	5.14	0.00233	0.0232	0.119248	0.12	5.11636	5.108	0.00836	0.0836	0.427028	0.426
2/11/2023 3:29:04 PM	7742.65	5.14632	5.144	0.00232	0.0233	0.119855	0.12	5.11632	5.108	0.00832	0.0832	0.424985	0.401
2/11/2023 3:29:05 PM	7743.76	5.14233	5.14	0.00233	0.0232	0.119248	0.12	5.11636	5.108	0.00836	0.0836	0.427028	0.423
2/11/2023 3:29:06 PM	7744.86	5.14232	5.14	0.00232	0.0232	0.119248	0.12	5.11635	5.108	0.00835	0.0835	0.426518	0.429
2/11/2023 3:29:07 PM	7745.96	5.14232	5.14	0.00232	0.0232	0.119248	0.12	5.11235	5.104	0.00835	0.0839	0.428225	0.428
2/11/2023 3:29:08 PM	7747.07	5.14233	5.14	0.00233	0.0233	0.119762	0.12	5.11246	5.104	0.00846	0.0849	0.433329	0.433
2/11/2023 3:29:10 PM	7748.17	5.14632	5.144	0.00232	0.0232	0.119341	0.12	5.11641	5.108	0.00841	0.084	0.429072	0.429
2/11/2023 3:29:11 PM	7749.27	5.14233	5.14	0.00233	0.0233	0.119762	0.12	5.11236	5.104	0.00836	0.0834	0.425673	0.426
2/11/2023 3:29:12 PM	7750.37	5.14232	5.14	0.00232	0.0232	0.119248	0.12	5.11232	5.104	0.00832	0.0848	0.432819	0.433
2/11/2023 3:29:13 PM	7751.46	5.14633	5.144	0.00233	0.0233	0.119855	0.12	5.11643	5.108	0.00843	0.0843	0.430604	0.429
2/11/2023 3:29:14 PM	7752.57	5.14232	5.14	0.00232	0.0232	0.119248	0.12	5.11634	5.108	0.00834	0.0836	0.427028	0.428
2/11/2023 3:29:15 PM	7753.67	5.14232	5.14	0.00232	0.0233	0.119762	0.12	5.11237	5.104	0.00837	0.0858	0.437923	0.437
2/11/2023 3:29:16 PM	7754.77	5.14632	5.144	0.00232	0.0232	0.119341	0.12	5.11247	5.104	0.00847	0.0832	0.424652	0.424
2/11/2023 3:29:17 PM	7755.87	5.14232	5.14	0.00232	0.0233	0.119762	0.12	5.11607	5.108	0.00807	0.0838	0.42805	0.428
2/11/2023 3:29:18 PM	7756.97	5.14233	5.14	0.00233	0.0233	0.119762	0.12	5.11644	5.108	0.00844	0.0844	0.431115	0.426
